0 0 0 2 
0 0 0 0 
0 0 0 0 
0 0 0 4 
0
2 0 0 0 
0 0 0 0 
0 2 0 0 
4 0 0 0 
0
0 0 0 2 
0 0 0 0 
2 0 0 2 
0 0 0 4 
0
2 0 0 4 
0 0 0 4 
2 0 0 0 
0 0 0 0 
2
4 0 0 8 
0 0 0 0 
0 0 0 0 
0 2 0 0 
8
4 2 0 8 
0 0 0 0 
0 0 2 0 
0 0 0 0 
8
0 4 2 8 
2 0 0 0 
0 0 0 2 
0 0 0 0 
8
2 4 2 8 
0 0 2 2 
0 0 0 0 
0 0 0 0 
8
2 4 2 8 
0 0 0 4 
2 0 0 0 
0 0 0 0 
10
4 4 2 8 
0 0 0 4 
0 0 2 0 
0 0 0 0 
12
4 4 4 8 
0 0 0 4 
0 0 4 0 
0 0 0 0 
14
0 4 8 8 
2 0 0 4 
0 0 0 4 
0 0 0 0 
18
0 0 4 16 
0 0 2 4 
0 0 0 4 
0 0 0 2 
26
